2 452 0.4812632432441405
4 24 0.41177681853024206
4 1280 0.4977309768492232
7 24 0.2027058898000478
7 60 0.23677229782902542
7 398 0.29033976243942394
7 1077 0.2909296247712716
7 312 0.21114420939097694
8 56 0.24382200780507152
8 209 0.19264294627443426
8 872 0.19746442467922454
8 1289 0.2821043093842497
8 565 0.28517952092984905
9 565 0.4113176584300997
10 255 0.5295389025358396
10 1284 0.406355101101093
12 1284 0.406355101101093
13 565 1.105975512812154
14 1282 0.20880996795632645
15 565 0.8366495642740084
15 450 0.4556797133076742
18 1146 0.21992932783849056
18 1059 0.1264495422638165
19 24 0.1961986306844502
19 60 0.22222097356301063
20 1282 0.1449852719992989
20 1059 0.15836540409792224
21 60 0.20218036331221173
21 565 0.33259205454090635
21 1284 0.25165247995863527
22 24 0.5533648692047901
22 60 0.465660297674038
23 880 0.29129191999373377
25 1306 0.4836483082967589
26 565 0.21602905205052636
29 1282 1.1694166340448566
30 565 0.6782501900888973
